3.3
4.9
6.5
6.9
7.3
7.7
8.1
8.5
8.9
9.3
9.7
10.1
10.5
10.9
11.3
11.7
12.1
12.5
12.9
13.3
13.7
14.1
14.5
14.9
15.3
15.7
16.1
16.5
16.9
17.3
17.7
18.1
18.5
18.9
19.3
19.7
20.1
20.5
20.9
21.3
21.7
22.1
22.5
22.9
23.3
23.7
24.1
24.5
24.9
25.3
25.7
26.1
26.5
26.9
27.3
27.7
28.1
28.5
28.9
29.3
29.7
30.1
30.5
30.9
31.3
31.7
32.1
32.5
32.9
33.3
33.6999999999999
34.0999999999999
34.4999999999999
34.8999999999999
35.2999999999999
35.6999999999999
36.0999999999999
36.4999999999999
36.8999999999999
37.2999999999999
37.6999999999999
38.0999999999999
38.4999999999999
38.8999999999999
39.2999999999999
39.6999999999999
40.0999999999999
40.4999999999999
40.8999999999999
41.2999999999999
41.6999999999999
42.0999999999999
42.4999999999999
42.8999999999999
43.2999999999999
43.6999999999999
44.0999999999999
44.4999999999999
44.8999999999999
45.2999999999999
45.6999999999999
46.0999999999999
46.4999999999999
46.8999999999999
47.2999999999999
47.6999999999999
48.0999999999999
48.4999999999999
48.8999999999999
49.2999999999999
49.6999999999999
50.0999999999999
50.4999999999999
50.8999999999999
51.2999999999999
51.6999999999999
52.0999999999999
52.4999999999999
52.8999999999999
53.2999999999999
53.6999999999999
54.0999999999999
54.4999999999999
54.8999999999999
55.2999999999999
55.6999999999999
56.0999999999999
56.4999999999999
56.8999999999999
57.2999999999999
57.6999999999999
59.2999999999998
60.8999999999998
62.4999999999998
64.0999999999998
65.6999999999999
67.2999999999999
68.8999999999999
70.4999999999999
70.8999999999999
72.1
72.5
73.7
74.1
75.3
75.7
76.9
77.3
78.5
78.9
80.1000000000001
80.5000000000001
81.7000000000001
82.1000000000001
83.3000000000001
83.7000000000001
84.1000000000001
84.5000000000001
84.9000000000001
85.3000000000001
85.7000000000002
86.1000000000002
86.5000000000002
86.9000000000002
87.3000000000002
87.7000000000002
88.1000000000002
88.5000000000002
88.9000000000002
89.3000000000002
89.7000000000002
90.1000000000002
90.5000000000002
90.9000000000002
91.3000000000002
91.7000000000002
92.1000000000002
92.5000000000002
92.9000000000002
93.3000000000002
93.7000000000003
94.1000000000003
94.5000000000003