5.64054889658955
6.30721556318955
6.97388222978955
7.64054889638955
8.30721556298955
8.97388222958955
9.64054889618955
10.3072155627896
10.9738822293896
11.6405488959896
12.3072155625896
12.9738822291896
13.6405488957896
14.3072155623896
14.9738822289896
15.6405488955896
16.3072155621896
16.9738822287896
17.6405488953896
18.3072155619896
18.9738822285896
19.6405488951896
20.3072155617896
20.9738822283896
21.6405488949896
21.9738822282896
22.3072155615896
22.6405488948896
22.9738822281896
23.3072155614896
23.6405488947896
23.9738822280896
24.3072155613896
24.6405488946896
24.9738822279896
25.3072155612896
25.6405488945896
25.9738822278896
26.3072155611896
26.6405488944896
26.9738822277896
27.3072155610896
27.6405488943896
27.9738822276896
28.3072155609896
28.6405488942896
28.9738822275896
29.3072155608896
29.6405488941896
29.9738822274896
30.3072155607896
30.6405488940896
30.9738822273896
31.3072155606896
31.6405488939896
31.9738822272896
32.3072155605896
32.6405488938896
32.9738822271896
33.3072155604896
33.6405488937896
33.9738822270896
34.3072155603896
34.6405488936896
34.9738822269896
35.3072155602896
35.6405488935896
35.9738822268896
36.3072155601896
36.6405488934896
36.9738822267895
37.3072155600895
37.6405488933895
37.9738822266895
38.3072155599895
38.6405488932895
38.9738822265895
39.3072155598895
39.6405488931895
39.9738822264895
40.3072155597895
40.6405488930895
40.9738822263895
41.3072155596895
41.6405488929895
41.9738822262895
42.3072155595895
42.6405488928895
42.9738822261895
43.3072155594895
43.6405488927895
43.9738822260895
44.3072155593895
44.6405488926895
44.9738822259895
45.3072155592895
45.6405488925895
45.9738822258895
46.3072155591895
46.6405488924895
46.9738822257895
47.3072155590895
47.6405488923895
47.9738822256895
48.3072155589894
48.6405488922894
48.9738822255894
49.3072155588894
49.6405488921894
49.9738822254894
50.3072155587894
50.6405488920894
50.9738822253894
51.3072155586894
51.6405488919894
51.9738822252894
52.3072155585894
52.6405488918894
52.9738822251894
53.3072155584894
53.6405488917894
53.9738822250894
54.3072155583894
54.6405488916894
54.9738822249894
55.3072155582894
55.6405488915894
55.9738822248894
56.3072155581894
56.6405488914894
56.9738822247894
57.3072155580894
57.6405488913894
57.9738822246894
58.3072155579894
58.6405488912894
58.9738822245894
59.3072155578894
59.6405488911893
59.9738822244893
60.3072155577893
60.6405488910893
60.9738822243893
61.3072155576893
61.6405488909893
61.9738822242893
62.3072155575893
62.6405488908893
62.9738822241893
63.3072155574893
63.6405488907893
63.9738822240893
66.7369903564453
67.2299001057943
67.7228098551432
68.2157196044922
69.3679260253906
69.8531936645508
70.3384613037109
70.8237289428711
72.0240234375
72.5120122273763
73.0000010172526
73.4879898071289
74.7436813354492
75.2211186726888
75.6985560099284
76.175993347168
77.2801422119141
77.7946075439453
78.3090728759766
78.8235382080078
80.0239318847656
80.5173324584961
81.0107330322265
81.504133605957
82.7761978149414
83.2427505493164
83.7093032836914
84.1758560180664
86.0228561401367
86.3496220179966
86.6763878958566
87.0031537737165
87.3299196515764
87.6566855294363
87.9834514072963
88.3102172851562
88.6369831630161
88.9637490408761
89.290514918736
89.6172807965959
89.9440466744558
90.2708125523158
90.5975784301757
90.9243443080356