8.855500000
11.036125000
13.216750000
15.397375000
17.578000000
19.758625000
20.303781250
20.848937500
21.939250000
24.119875000
24.665031250
25.210187500
26.300500000
28.481125000
29.026281250
29.571437500
30.661750000
35.023000000
37.203625000
37.748781250
38.293937500
39.384250000
41.564875000
42.110031250
42.655187500
43.745500000
45.926125000
46.471281250
47.016437500
48.106750000
52.468000000
54.648625000
56.829250000
59.009875000
61.190500000
63.371125000
65.551750000
67.732375000
69.913000000
72.093625000
74.274250000
76.454875000
78.635500000
87.358000000
89.538625000
91.719250000
93.899875000
96.080500000
98.261125000
100.441750000
104.803000000
106.983625000
107.528781250
108.073937500
109.164250000
111.344875000
111.890031250
112.435187500
113.525500000
115.706125000
116.251281250
116.796437500
117.886750000
122.248000000
124.428625000
124.973781250
125.518937500
126.609250000
128.789875000
129.335031250
129.880187500
130.970500000
133.151125000
133.696281250
134.241437500
135.331750000
139.693000000
141.873625000
144.054250000
146.234875000
148.415500000
150.596125000
152.776750000
154.957375000