1.937913088



3.842826176



5.747739264000001



7.6526523520000005



9.55756544



11.462478528



13.367391615999999



15.272304704
15.748532976
16.224761248
16.70098952
17.177217792
17.653446064
18.129674336
18.605902608
19.08213088
19.558359152
20.034587424
20.510815696
20.987043968000002
21.463272240000002
21.939500512000002
22.415728784000002
22.891957056000003
23.368185328000003
23.844413600000003
24.320641872000003
24.796870144000003
25.273098416000003
25.749326688
26.22555496
26.701783232
27.178011504
27.654239776
28.130468048
28.60669632
29.082924592
29.559152864
30.035381136
30.511609408
30.987837680000002
31.464065952000002
31.940294224000002
32.416522496
32.892750768
33.36897904
33.845207312
34.321435584
34.797663856
35.273892128
35.7501204
36.226348672
36.702576944
37.178805216
37.655033488
38.13126176
38.607490032
39.083718304
39.559946576
40.036174848
40.51240312
40.988631392
41.464859664
41.941087936
42.417316208
42.89354448
43.369772752
43.846001024
44.322229296
44.798457568
45.274685840000004
45.750914112000004
46.227142384000004
46.703370656000004
47.179598928000004
47.655827200000004
48.132055472000005
48.608283744000005
49.084512016000005
49.560740288000005
50.036968560000005
50.513196832000006
50.989425104
51.465653376
51.941881648
52.41810992
52.894338192
53.370566464
53.846794736
54.323023008
54.79925128
55.275479552
55.751707824
56.227936096
56.704164368
57.18039264
57.656620912
58.132849184
58.609077456
59.085305728
59.561534
60.037762272
60.513990544
60.990218816
61.466447088
61.94267536
62.418903632
62.895131904
63.371360176
63.847588448
64.32381672
64.800044992
65.276273264
65.752501536
66.228729808
66.70495808
67.181186352
67.657414624
68.133642896
68.609871168
69.08609944
69.562327712
70.038555984
70.514784256
70.991012528
71.4672408
71.943469072
72.419697344
72.895925616
73.372153888
73.84838216
74.324610432
74.800838704
75.277066976
75.753295248
76.22952352
76.705751792
77.181980064
77.658208336
78.134436608
78.61066488
79.086893152
79.563121424
80.039349696
80.515577968
80.99180624
81.468034512
81.944262784
82.420491056
82.896719328
83.3729476
83.849175872
84.325404144
84.801632416
85.277860688
85.75408896
86.230317232
86.706545504
87.182773776
87.659002048
88.13523032
88.611458592
89.087686864
89.563915136
90.040143408
90.51637168
90.992599952
91.468828224
91.945056496
92.421284768
92.89751304
93.373741312
93.84996958400001
94.32619785600001
94.80242612800001
95.27865440000001
95.75488267200001
96.23111094400001
96.70733921600001
97.18356748800001
97.65979576000001
98.13602403200001
98.61225230400001
99.08848057600001
99.56470884800001
100.04093712000001
100.51716539200001
100.99339366400001
101.46962193600001
101.945850208
102.42207848
102.898306752
103.374535024
103.850763296
104.326991568
104.80321984
105.279448112
105.755676384
106.231904656
106.708132928
107.1843612
107.660589472
108.136817744
108.613046016
109.089274288
109.56550256
110.041730832
110.517959104
110.994187376
111.470415648
111.94664392
112.422872192
112.899100464
113.375328736
113.851557008
114.32778528
114.804013552
115.280241824
115.756470096
116.232698368
116.70892664
117.185154912
117.661383184
118.137611456
118.613839728
119.090068
119.566296272
120.042524544
120.518752816
120.994981088
121.47120936
121.947437632
122.423665904
122.899894176
123.376122448
123.85235072
124.328578992
124.804807264
125.281035536
125.757263808
126.23349208
126.709720352
127.185948624
127.662176896
128.138405168
128.61463343999998
129.090861712
129.56708998399998
130.043318256
130.51954652799998
130.9957748
131.47200307199998
131.948231344
132.42445961599998
132.900687888
133.37691615999998
133.853144432
134.32937270399998
134.805600976
135.28182924799998
135.75805752
136.23428579199998
136.710514064
137.18674233599998
137.662970608
138.13919887999998
138.615427152
139.09165542399998
139.567883696
140.04411196799998
140.52034024
140.99656851199998
141.472796784
141.94902505599998
142.425253328