3.14090210391629
3.97698645053371
4.81307079715114
5.64915514376856
6.48523949038598
7.3213238370034
8.15740818362082
8.99349253023824
9.82957687685567
10.6656612234731
11.5017455700905
12.3378299167079
13.1739142633254
14.0099986099428
14.8460829565602
15.6821673031776
16.518251649795
17.3543359964125
18.1904203430299
19.0265046896473
19.8625890362647
20.6986733828822
21.5347577294996
22.370842076117
23.2069264227344
24.0430107693518
24.8790951159693
25.7151794625867
26.5512638092041
34.37669372558594
34.68107223510742
35.99363327026367
36.32131576538086
37.65737533569336
38.04910659790039
39.32891845703125
39.65705871582031
41.040809631347656
41.39361572265625
42.72882843017578
43.07326126098633
44.40914535522461
44.75304412841797
46.11312484741211
46.465065002441406
47.73737716674805
48.09680938720703
49.43299865722656
49.76900863647461
51.11337661743164
51.44104766845703
52.777217864990234
53.10518264770508
60.9670524597168
61.815101623535156
62.64669418334961
63.45439910888672
63.88685607910156
65.16657257080078
66.03097534179688
66.84717559814453
67.28678131103516
68.51101684570312
69.39874267578125
70.19061279296875
70.60677337646484
71.88685607910156
72.7104721069336
73.54254150390625
73.95899963378906
75.19866180419922
76.06292724609375
76.9111328125
77.36714935302734