3.25789473684211
3.88947368421053
4.52105263157895
5.15263157894737
5.78421052631579
6.41578947368421
7.04736842105263
7.67894736842105
8.31052631578947
8.9421052631579
9.57368421052632
10.2052631578947
10.8368421052632
11.4684210526316
12.1
12.7315789473684
13.3631578947368
13.9947368421053
14.6263157894737
15.2578947368421
15.8894736842105
16.521052631579
17.1526315789474
17.7842105263158
18.4157894736842
19.0473684210526
19.6789473684211
20.3105263157895
20.9421052631579
21.5736842105263
22.2052631578947
22.8368421052632
23.4684210526316
24.1
24.4157894736842
24.7315789473684
25.0473684210526
25.3631578947368
25.6789473684211
25.9947368421053
26.3105263157895
26.6263157894737
26.9421052631579
27.2578947368421
27.5736842105263
27.8894736842105
28.2052631578947
28.521052631579
28.8368421052632
29.1526315789474
29.4684210526316
29.7842105263158
30.1
30.4157894736842
30.7315789473684
31.0473684210526
31.3631578947368
31.6789473684211
31.9947368421053
32.3105263157895
32.6263157894737
32.9421052631579
33.2578947368421
33.5736842105263
33.8894736842105
34.2052631578947
34.521052631579
34.8368421052632
35.1526315789474
35.4684210526316
35.7842105263158
36.1
36.4157894736842
36.7315789473684
37.0473684210526
37.3631578947368
37.6789473684211
37.9947368421053
38.3105263157895
38.6263157894737
38.9421052631579
39.2578947368421
39.5736842105263
39.8894736842105
40.2052631578947
40.521052631579
40.8368421052632
41.1526315789474
41.4684210526316
41.7842105263158
42.1
42.4157894736842
42.7315789473684
43.0473684210526
43.3631578947368
43.6789473684211
43.9947368421053
44.3105263157895
44.9421052631579
45.5736842105263
46.2052631578947
46.8368421052632
47.4684210526316
48.1
48.7315789473684
49.3631578947368
49.9947368421053
50.6263157894737
51.2578947368421
51.8894736842105
52.521052631579
53.1526315789474
53.7842105263158
54.4157894736842
55.0473684210526
55.6789473684211
56.3105263157895
56.9421052631579
57.5736842105263
58.2052631578948
58.8368421052632
59.4684210526316
60.1
60.7315789473684
61.3631578947368
61.9947368421053
62.6263157894737
63.2578947368421
63.8894736842105
64.521052631579
65.1526315789474
65.7842105263158
66.4157894736842
67.0473684210526
67.678947368421
69.5736842105263
69.8894736842105
70.2052631578947
70.521052631579
70.8368421052632
71.1526315789474
71.4684210526316
71.7842105263158
72.1
72.4157894736842
72.7315789473684
73.0473684210526
73.3631578947368
73.678947368421
73.9947368421053
74.3105263157895
74.6263157894737
74.9421052631579
75.2578947368421
75.5736842105263
75.8894736842105
76.2052631578947
76.521052631579
76.8368421052632
77.1526315789474
77.4684210526316
77.7842105263158
78.1
78.4157894736842
78.7315789473684
79.0473684210526
79.3631578947368
79.6789473684211
79.9947368421053
80.3105263157895
80.6263157894737
80.9421052631579
81.2578947368421
81.5736842105263
81.8894736842105
82.2052631578947
82.521052631579
82.8368421052632
83.1526315789474
83.4684210526316
83.7842105263158
84.1
84.4157894736842
84.7315789473684
85.0473684210526
85.3631578947368
85.6789473684211
85.9947368421053
86.3105263157895
86.6263157894737
86.9421052631579
87.2578947368421
87.5736842105263
87.8894736842105
88.2052631578948
88.521052631579
88.8368421052632
89.1526315789474
89.4684210526316
89.7842105263158
90.1
90.4157894736842
90.7315789473684
91.0473684210526
91.3631578947368
91.6789473684211
91.9947368421053
92.3105263157895
92.6263157894737
92.9421052631579
93.2578947368421
93.5736842105263
93.8894736842105
94.2052631578948
94.521052631579
94.8368421052632
95.1526315789474
95.4684210526316
95.7842105263158
96.1
96.4157894736842
96.7315789473684
97.0473684210526
97.3631578947368
97.6789473684211
97.9947368421053
98.3105263157895
99.8894736842105
100.521052631579
101.152631578947
101.784210526316
102.415789473684
103.047368421053
103.678947368421
104.310526315789
104.942105263158
105.573684210526
106.205263157895
106.836842105263
107.468421052632
108.1
108.731578947368
109.363157894737
109.994736842105
110.626315789474
111.257894736842
111.889473684211
112.521052631579
113.152631578947
113.784210526316
114.415789473684
115.047368421053
115.678947368421
116.310526315789
116.942105263158
117.573684210526
118.205263157895
118.836842105263
119.468421052632
120.1
120.731578947368
121.363157894737
121.994736842105
122.626315789474
123.257894736842
123.889473684211
124.521052631579
125.152631578947
125.784210526316
126.415789473684
127.047368421053
127.678947368421
128.310526315789
128.942105263158
129.573684210526
130.205263157895
130.521052631579
130.836842105263
131.152631578947
131.468421052632
131.784210526316
132.1
132.415789473684
132.731578947368
133.047368421053
133.363157894737
133.678947368421
133.994736842105
134.310526315789
134.626315789474
134.942105263158
135.257894736842
135.573684210526
135.889473684211
136.205263157895
136.521052631579
136.836842105263
137.152631578947
137.468421052632
137.784210526316
138.1
138.415789473684
138.731578947368
139.047368421053
139.363157894737
139.678947368421
139.994736842105
140.310526315789
140.626315789474
140.942105263158
141.257894736842
141.573684210526
141.889473684211
142.205263157895
142.521052631579
142.836842105263
143.152631578947
143.468421052632
143.784210526316
144.1
144.415789473684
144.731578947368
145.047368421053
145.363157894737
145.678947368421
145.994736842105
146.310526315789
146.626315789474
146.942105263158
147.257894736842
147.573684210526
147.889473684211
148.205263157895
148.521052631579
148.836842105263
149.152631578947
149.468421052632
149.784210526316
150.1
150.415789473684
150.731578947368
151.047368421053
151.363157894737
151.678947368421
151.994736842105
152.310526315789
152.626315789474
152.942105263158
153.257894736842
153.573684210526
153.889473684211
154.205263157895
154.521052631579
154.836842105263
155.152631578947
155.468421052632
155.784210526316
156.1
156.415789473684
156.731578947368
157.047368421053
157.363157894737
157.678947368421
157.994736842105
158.310526315789
158.626315789474
158.942105263158
159.257894736842
159.573684210526
159.889473684211
160.205263157895
160.521052631579
160.836842105263
161.152631578947
161.468421052632
161.784210526316
162.1
162.415789473684
162.731578947368
163.047368421053
163.363157894737
163.678947368421
163.994736842105
164.310526315789
164.626315789474
164.942105263158
165.257894736842
165.573684210526
165.889473684211
166.205263157895
166.521052631579
166.836842105263
167.152631578947
167.468421052632
167.784210526316
168.1
168.415789473684
168.731578947368
169.047368421053
169.363157894737
169.678947368421
169.994736842105
170.31052631579
170.626315789474
170.942105263158
171.257894736842
171.573684210526
171.889473684211
172.205263157895
172.521052631579
172.836842105263
173.152631578947
173.468421052632
173.784210526316
174.1
174.415789473684
174.731578947368
175.047368421053
175.363157894737
175.678947368421
175.994736842105
176.31052631579
176.626315789474
176.942105263158
177.257894736842
177.573684210526
177.889473684211
178.205263157895
178.521052631579
178.836842105263
179.152631578947
179.468421052632
179.784210526316
180.1
180.415789473684
180.731578947368
181.047368421053
181.363157894737
181.678947368421
181.994736842105
182.31052631579
182.626315789474
182.942105263158
183.257894736842
183.573684210526
183.889473684211
184.205263157895
184.521052631579
184.836842105263
185.152631578947
185.468421052632
185.784210526316
186.1
186.415789473684
186.731578947368
187.047368421053
187.363157894737
187.678947368421
187.994736842105
188.31052631579
188.626315789474
188.942105263158
189.257894736842
189.573684210526
189.889473684211
190.205263157895
190.521052631579
190.836842105263
191.152631578947
191.468421052632
191.784210526316
192.1
192.415789473684
192.731578947368
193.047368421053
193.363157894737
193.678947368421
193.994736842105
194.31052631579
194.626315789474
194.942105263158
195.257894736842
195.573684210526
195.889473684211
196.205263157895
196.521052631579
196.836842105263
197.152631578947
197.468421052632
197.784210526316
198.1
198.415789473684
198.731578947368
199.047368421053
199.363157894737
199.678947368421
199.994736842105
200.31052631579
200.626315789474
200.942105263158
201.257894736842
201.573684210526
201.889473684211
202.205263157895
202.521052631579
202.836842105263
203.152631578947
203.468421052632
203.784210526316
204.1
204.415789473684
204.731578947368
205.047368421053
205.363157894737
205.678947368421
205.994736842105
206.626315789474
207.257894736842
207.889473684211
208.521052631579
209.152631578947
209.784210526316
210.415789473684
211.047368421053
211.678947368421
212.31052631579
212.942105263158
213.573684210526
214.205263157895
214.836842105263
215.468421052632
216.1
216.731578947368
217.363157894737
217.994736842105
218.626315789474
219.257894736842
219.889473684211
220.521052631579
221.152631578947
221.784210526316
222.415789473684
223.047368421053
223.678947368421
224.31052631579
224.942105263158
225.573684210526
226.205263157895
226.836842105263
227.468421052632
228.1
228.731578947368
229.363157894737
229.994736842105
230.626315789474
231.257894736842
231.889473684211
232.521052631579
233.152631578947
233.784210526316
234.415789473684
235.047368421053
235.363157894737
235.678947368421
235.994736842105
236.31052631579
236.626315789474
236.942105263158
237.257894736842
237.573684210526
237.889473684211
238.205263157895
238.521052631579
238.836842105263
239.152631578947
239.468421052632
239.784210526316
240.1
240.415789473684
240.731578947368
241.047368421053
241.363157894737
241.678947368421
241.994736842105
242.31052631579
242.626315789474
242.942105263158
243.257894736842
243.573684210526
243.889473684211
244.205263157895
244.521052631579
244.836842105263
245.152631578947
245.468421052632
245.784210526316
246.1
246.415789473684
246.731578947368
247.047368421053
247.363157894737
247.678947368421
247.994736842105
248.31052631579
248.626315789474
248.942105263158
249.257894736842
249.573684210526
249.889473684211
250.205263157895
250.521052631579
250.836842105263
251.152631578947
251.468421052632
251.784210526316
252.1
252.415789473684
252.731578947368
253.047368421053
253.363157894737
253.678947368421
253.994736842105
254.31052631579
254.626315789474
254.942105263158
256.521052631579
259.047368421053
261.573684210526
261.889473684211
262.205263157895
262.521052631579
262.836842105263
264.1