3.4848888889
5.1993333333
6.9137777778
8.6282222222
10.3426666667
13.7715555556
15.486
17.2004444444
18.9148888889
20.6293333333
22.3437777778
24.0582222222
25.7726666667
27.4871111111
29.2015555556
30.916
32.6304444444
34.3448888889
36.0593333333
37.7737777778
41.2026666667
41.6312777778
42.9171111111
43.3457222222
44.6315555556
45.0601666667
46.346
46.7746111111
48.0604444444
48.4890555556
49.7748888889
50.2035
51.4893333333
51.9179444444
53.2037777778
53.6323888889
54.9182222222
55.3468333333
56.6326666667
57.0612777778
58.3471111111
58.7757222222
61.3473888889
61.776
63.0618333333
63.4904444444
64.7762777778
65.2048888889
66.4907222222
66.9193333333
68.2051666667
68.6337777778
69.9196111111
70.3482222222
71.6340555556
72.0626666667
73.3485
73.7771111111
75.0629444444
75.4915555556
76.7773888889
77.206
78.4918333333
78.9204444444
80.2062777778
80.6348888889
81.9207222222
82.3493333333
83.6351666667
84.0637777778
85.3496111111
85.7782222222
87.0640555556
87.4926666667
88.7785
89.2071111111
90.4929444444
90.9215555556
92.2073888889
92.636
93.9218333333
94.3504444444
95.6362777778
96.0648888889
97.3507222222
97.7793333333
99.0651666667
99.4937777778
100.7796111111
101.2082222222
102.4940555556
102.9226666667