13.158
15.033
16.909
18.784
22.535
23.473
24.411
25.348
26.286
27.224
28.161
41.289
41.758
42.227
42.696
43.165
43.634
44.103
44.571
45.040
46.916
48.791
61.919
62.857
63.795
64.732
65.670
66.608
67.545
68.483
69.421
70.359
71.296
72.234
73.172
74.109
75.047
75.985
76.923
77.860
78.798
79.736
80.673
81.611
82.549
83.018
83.487
83.955
84.424
84.893
85.362
85.831
86.300
86.769
87.237
87.706
88.175
88.644
89.113
89.582
90.051
90.519
90.988
91.457
105.523
105.992
106.461
106.929
107.398
107.867
108.336
108.805
109.274
120.057
121.933
123.808
125.684
127.559
128.497
129.435
130.372
131.310
132.248
133.185
134.123
135.061
135.999
136.936
137.405
137.874
138.343
138.812
139.281
139.749
140.218
140.687
141.156
141.625
142.094
142.563
143.031
143.500
143.969
144.438
144.907
145.376
145.845
146.313
146.782
147.251
147.720