3.52857142857143
5.24285714285715
6.95714285714286
7.38571428571429
7.81428571428572
8.24285714285715
8.67142857142858
9.10000000000001
9.52857142857144
9.95714285714286
10.3857142857143
10.8142857142857
11.2428571428572
11.6714285714286
12.1
12.5285714285714
12.9571428571429
13.3857142857143
13.8142857142857
14.2428571428572
14.6714285714286
15.1
15.5285714285714
15.9571428571429
16.3857142857143
16.8142857142857
17.2428571428572
17.6714285714286
18.1
18.5285714285714
18.9571428571429
19.3857142857143
19.8142857142857
20.2428571428572
22.3857142857143
23.2428571428572
24.1
24.9571428571429
25.8142857142858
26.6714285714286
27.5285714285715
28.3857142857144
29.2428571428572
30.1000000000001
30.9571428571429
31.8142857142858
32.6714285714287
33.5285714285715
34.3857142857144
35.2428571428572
36.1000000000001
36.5285714285715
36.957142857143
37.3857142857144
37.8142857142858
38.2428571428573
38.6714285714287
39.1000000000001
39.5285714285715
39.957142857143
40.3857142857144
40.8142857142858
41.2428571428573
41.6714285714287
42.1000000000001
42.5285714285716
42.957142857143
43.3857142857144
43.8142857142858
44.2428571428573
44.6714285714287
45.1000000000001
45.5285714285716
45.957142857143
46.3857142857144
46.8142857142859
47.2428571428573
47.6714285714287
48.1000000000002
48.5285714285716
48.957142857143
49.3857142857144
49.8142857142859
50.2428571428573
50.6714285714287
51.1000000000002
51.5285714285716
51.957142857143
52.3857142857145
52.8142857142859
53.2428571428573
53.6714285714288
54.1000000000002
54.5285714285716
54.957142857143
55.3857142857145
55.8142857142859
56.2428571428573
56.6714285714288
57.1000000000002
57.5285714285716
57.9571428571431
58.3857142857145
58.8142857142859
59.2428571428574
59.6714285714288
60.1000000000002
60.5285714285716
60.9571428571431
61.3857142857145
61.8142857142859
62.2428571428574
62.6714285714288
63.1000000000002
63.5285714285717
63.9571428571431
64.3857142857145
64.814285714286
68.6714285714288
75.5285714285717
76.3857142857146
77.2428571428574
78.1000000000003
78.9571428571432
79.814285714286
80.6714285714289
81.5285714285717
82.3857142857146
83.2428571428575
84.1000000000003
84.9571428571432
85.814285714286
86.6714285714289
87.5285714285718
88.3857142857146
89.2428571428575
90.1000000000004
90.9571428571432
91.8142857142861
92.6714285714289
93.5285714285718
94.3857142857146
95.2428571428575