3.530
5.246
6.961
8.677
10.393
12.108
13.824
15.539
17.255
18.971
20.686
22.402
24.117
25.833
26.691
27.549
28.407
29.264
30.122
30.980
31.838
32.696
33.553
34.411
35.269
36.127
36.985
37.843
38.700
39.558
40.416
41.274
42.132
42.989
43.418
43.847
44.705
45.134
45.563
46.421
46.850
47.278
48.136
48.565
48.994
49.852
50.281
50.710
51.568
51.996
52.425
53.283
53.712
54.141
54.999
55.428
55.857
56.714
57.143
57.572
58.430
58.859
59.288
60.146
60.575
61.003
61.861
62.290
62.719
63.577
64.006
64.435
65.292
65.721
66.150
67.008
67.437
67.866
68.724
69.153
69.582
70.439
70.868
71.297
72.155
72.584
73.013
73.871
74.300
74.728
75.586
76.015
76.444
77.302
77.731
78.160
79.017
79.446
79.875
80.733
81.162
81.591
82.449
82.878
83.307
84.164
84.593
85.022
85.880
86.309
86.738
87.596
88.025
88.453
89.311
89.740
90.169
91.027
91.456
91.885
92.742
93.171
93.600
94.458
94.887
95.316
96.174
96.603
97.032
97.889
98.318
98.747
99.605
100.034
100.463
101.321
101.750
102.178
103.036
103.465
103.894
104.752
105.181
105.610
106.468
106.896
107.325
108.183
108.612
109.041
109.899
110.328
110.757
111.614
112.043
112.472
113.330
113.759
114.188
115.046
115.475
115.903
116.761
117.190
117.619
118.477
118.906
119.335
120.192
120.621
121.050
121.908
122.337
122.766
123.624
124.053
124.482
125.339
125.768
126.197
127.055
127.484
127.913
128.771
129.200
129.628
130.486
130.915
131.344
132.202
132.631
133.060
133.917
134.346
134.775
135.633
136.062
136.491
137.349
137.778
138.207
139.064
139.493
139.922
140.780
141.209
141.638
142.496
142.925
143.353
144.211
144.640
145.069
145.927
146.356
146.785
147.642
148.071
148.500
149.358
149.787
150.216
151.074
151.503
151.932
152.789
153.218
153.647
154.505
154.934
155.363
156.221
156.650
157.078
157.936
158.365
158.794
159.652
160.081
160.510
161.368
161.796
162.225
163.083
163.512
163.941
164.799
165.228
165.657
166.514
166.943
167.372
168.230
168.659
169.088
169.946
170.375
170.803
171.661
172.090
172.519
173.377
173.806
174.235